home_position:
  shoulder_pan_joint: -0.000731341940135799
  shoulder_lift_joint: -1.576343037795422
  elbow_joint: 1.560510857049649
  wrist_1_joint: -1.54691076442641
  wrist_2_joint: -1.580849684736325
  wrist_3_joint: -0.002473670043155352